%YAML:1.0
fx: 282.06762
fy: 282.06762
cx: 290.79884
cy: 182.52132
bf: -16.61097
